2.097059032985901439e+01 2.809415193888424866e+01 2.411426976046415049e+01
2.068966573675047727e+01 2.715834106653638713e+01 1.469404215929556656e+01
2.100126240253319310e+01 2.978415098325781329e+01 2.056684459154875100e+01
1.244661221062852974e+01 2.222187781194777756e+01 1.796151176784346504e+01
1.619911115729758677e+01 2.950750914541103498e+01 2.751760672486268433e+01
1.669713731990525574e+01 1.512467111113810425e+01 1.938376520444600715e+01
1.862778697159672348e+01 1.955689748925285443e+01 1.528002532912096356e+01
1.884767877713482775e+01 1.878763243610582734e+01 1.451355114264069357e+01
1.589361624590490507e+01 1.352163227588018835e+01 -6.985547821658523837e+00
1.691978230138805372e+01 1.310777719165667676e+01 -9.684701524854872901e+00
2.243612857184321285e+01 3.083319150149708321e+01 2.815513518148503636e+01
2.485691617559341537e+01 2.855937291535023093e+01 5.567686422835000037e+00
2.133257177198012755e+01 2.958053784736570790e+01 2.924175664785352069e+01
1.853999534674207439e+01 1.754548781652650291e+01 1.497132985722453213e+01
-2.188342060460070471e+01 -1.006286423742024461e+01 -3.723478163704606825e+00
5.126152136836975792e+00 5.557046793196292356e+00 7.361047332304465840e+00
-3.679289644222009770e+00 2.574853073379367085e+00 4.088002063499585503e+00
9.231256300468805520e+00 7.868973384035837348e+00 7.811095522123639334e+00
-8.385149917118161156e+00 5.809344919399467067e+00 7.931495031300507037e+00
1.905467352197986841e+01 2.596627814751845875e+01 2.452483201672005464e+01
2.022492274834531401e+01 2.234178605451883826e+01 2.390983500741484136e+01
1.084596720378537427e+01 2.043656705531875062e+01 1.961021674024605943e+01
1.822329639462806128e+01 2.034274733705225202e+01 1.881978595569554358e+01
1.632683467537103894e+01 2.125874593104256860e+01 2.264539142200514021e+01
-1.093706138156223417e+01 -1.013279462987313551e+01 -6.239095427374600211e-01
4.259601993022878119e+00 6.917484992641540487e+00 1.130642373178823767e+01
1.343674877518626332e+01 1.997936348322818745e+01 2.041244755618887297e+01
1.339656943102419540e+01 2.194900228192842562e+01 2.076625614436780509e+01
