-1.213339982356837904e-01 -1.277408459523289574e-01 -4.955656983322483805e-02
-1.252823989727303855e-01 -9.533486847740195447e-02 -5.195257089047958243e-02
-8.798373072321943877e-02 -8.390662983188534874e-02 -4.488388865879005402e-02
-5.340345839207669143e-02 -5.410479716218041107e-02 -2.946271019072365521e-02
-5.258707572792416934e-02 -4.806341886834412241e-02 -5.069630757223277800e-02
-1.563666611052941247e-01 -1.179770145076294574e-01 -6.065152668271914238e-02
-1.118863517479820741e-01 -1.123178630991726046e-01 -5.826510431228768688e-02
-4.570513207005479778e-02 -6.263490003361379954e-02 -9.158600147810433412e-02
-4.877040165996573973e-02 -8.585661771758999750e-02 -1.273750556044956350e-01
-5.389408906939649468e-02 -8.566157654998217408e-02 -1.089804456653603038e-01
-4.418023335259998324e-02 -5.518957623533048834e-02 -6.606897031838290801e-02
-4.528419589966760361e-02 -4.577433499568973191e-02 -6.753174062492584007e-02
-6.927867098465126383e-02 -1.296709226068271104e-01 -1.505037507102869876e-01
-6.217693893260848453e-02 -1.049760122513239274e-01 -1.186693503376826803e-01
