-6.637756817065376680e-02 1.247558179036634129e-02 1.994410010572442715e-01
2.635647453246048322e-02 7.690616767966318434e-02 3.084361197498091123e-01
-1.821710153910571783e-02 9.707005973065263582e-02 3.216204000442552946e-01
1.026791354914013965e-02 7.197992336173442141e-02 2.774603326900197953e-01
-7.410329050011332797e-02 3.048502812390374572e-02 2.053562653837404106e-01
-8.772161152854907051e-02 -1.899228707225009138e-02 1.432024395594797550e-01
5.226581131398067015e-03 9.447485155657453504e-02 2.643248858250477618e-01
-4.663471999942792046e-02 1.838989498207310724e-02 2.499584935028478228e-01
1.529177748222853017e-01 8.083060930990537685e-02 7.587813689285005658e-02
1.572966161660239726e-01 1.157188854091442121e-01 1.512164303952727717e-01
1.119554943246493517e-01 2.809986725186086609e-02 2.024669848940978678e-01
1.574293083279553196e-01 1.777123233900044230e-01 1.581031127657313018e-01
1.053651708229225159e-01 7.506254139175272400e-02 1.118236212613579195e-01
8.339968853369239543e-02 1.150134921236942720e-01 9.691471162391640526e-02
8.692532412488973570e-02 7.995458595363746923e-02 1.734907366744924406e-01
