2.578908312912535639e-01 1.446895524472555650e-01 1.333444298261907690e-01
2.167794645760370287e-01 1.161767493790641925e-01 1.272217639880890427e-01
1.992419857089078317e-01 8.055699604579946715e-02 9.700395307724751781e-02
2.213929355334829374e-01 1.731503535953780037e-01 2.046978539038368794e-01
1.500680777693099710e-01 9.675107997679499583e-02 1.442894639968850257e-01
1.838601757586137975e-01 1.198864209585068785e-01 1.792856256622556987e-01
2.215289327673227449e-01 2.235627926397876220e-01 1.748640698954837536e-01
1.623494335021758994e-01 1.508836053641684494e-01 2.168913445513813709e-01
1.645388712897345451e-01 2.211736270149100569e-01 2.927841354567999321e-01
1.459879689583462037e-01 2.209883831138574894e-01 2.324505990301775071e-01
1.639935665624924210e-01 1.792497059035147444e-01 2.322768406481958703e-01
1.699937052748953237e-01 1.996847648868642633e-01 1.882279754373159530e-01
