1.096324796549330571e-01 -1.569199272051948757e-01 -2.782046337990677909e-01
1.701881457832212785e-01 -2.271182467175307806e-01 -2.013293881104747385e-01
1.311378116708052932e-01 8.938407589634511652e-02 -2.074057172363905632e-01
7.528663686374192920e-02 -2.294233828542455722e-01 -5.549572247659201318e-01
8.240316949101655908e-02 -1.165794799374093582e-01 -3.107064010912221619e-01
1.088690556831339862e-01 -3.152555406848798203e-01 -4.970028342010536226e-01
1.491230621847530191e-01 -4.692401676990254344e-03 -4.126519236510066690e-01
-2.922698785859567661e-01 -2.872783447827689240e-01 -2.725652495072437009e-01
-5.267661425343057591e-01 -6.346210866252914862e-01 -4.634140123101119224e-01
-5.616025342346229188e-01 -5.431351270776507700e-01 -3.644039567861763196e-01
2.378559560019542773e-01 1.334531647760719419e-01 9.845000072243581535e-02
2.943916667295224388e-01 3.166706194202353331e-01 2.510624321341672349e-01
2.259753746376801098e-01 3.150616216121229218e-01 2.828416902387123066e-01
2.148059428505605106e-01 2.058204573398465520e-01 1.754358105415743108e-01
1.788572228204333703e-01 3.230393753790909983e-01 1.898488925615566814e-01
1.777478893778167146e-01 3.103733528015366616e-01 2.245100630388274787e-01
1.756829146580908274e-01 2.269916739691038021e-01 2.657797338510892171e-01
1.752099947440338701e-01 -1.975825335797549709e-01 -3.517308366960354427e-01
1.536713105753281239e-01 -1.377498815295499224e-01 -4.460461115652569752e-01
1.388916784080157507e-01 -2.891055563566702347e-01 -4.478963386161371463e-01
