8.855991342452229631e-01 8.572734216389769069e-01 2.667793100153383890e-01
7.506409165160334851e-01 9.233191318355981059e-01 6.776422389711500571e-01
8.329999686550596527e-01 7.819863640028366092e-01 5.560609347083043108e-01
7.286559324493580014e-01 6.917353404250219384e-01 7.347046431320669591e-01
6.620489582880142443e-01 6.827538692918855290e-01 8.069234838230731066e-01
7.081871911826742583e-01 9.112193223590697722e-01 9.654574433752461937e-01
9.142055880906470033e-01 1.133315598778366518e+00 9.537925138176313045e-01
3.453631722937394732e-01 8.482865591525028393e-01 9.881537669023316983e-01
4.044998606925319651e-01 7.444235032360828619e-01 7.565053723064012470e-01
3.101818861084609802e-01 7.300793403239618229e-01 9.286343947488979733e-01
3.150722520183034669e-01 7.973966798011420387e-01 8.185818257753341154e-01
3.217471273240312124e-01 7.658857521158117798e-01 7.728178526065392351e-01
