-3.130438655177613327e+00 -2.802519419894792918e+00 -2.401370841617946894e+00
-3.108080466759659544e+00 -2.884455275215444203e+00 -1.530067905054991684e+00
-5.903231220657829681e+00 -7.088714364285749525e+00 -5.043874398969023787e-01
-4.947692640685133370e+00 -2.687443195304538790e+00 -4.163198298685841792e-01
-3.728225378607660900e+00 -6.002111752551229529e+00 -2.691215933605690225e+00
-5.324218476839661207e+00 -1.942278681799805895e+00 -8.574069718831367481e-01
-2.231678199014965003e+00 -2.557310610041795940e+00 -2.455642949617029558e+00
-2.449393363944736279e+00 -2.691104421240794409e+00 -1.145539606805556332e+00
-2.557715722059825225e+00 -2.587651278675650701e+00 4.736590208808877378e-01
-2.030609714683677680e+00 -1.477338549282194435e+00 -1.494956141116659865e+00
-1.646295357692125094e+00 -1.978479012771813927e+00 -2.956058548406261366e+00
-1.631985148912633576e+00 -1.000464245383483330e-01 -1.238115646476614984e+00
-2.553563943887709797e+00 -8.258199631358422721e-01 7.412685360783797250e-01
-3.687307350590330657e+00 -1.515747232748026363e+00 -3.811592817470483396e+00
-8.244016053496494578e-01 -3.884694292323686682e+00 1.512838809097445392e+00
3.559191148040810049e-01 -5.249060827559475229e-01 1.724524060296204198e-01
-2.689404166728337486e+00 4.699990774193167908e-01 -3.040311657364043185e-01
