-2.479425252459256512e+01 -2.615785746844014170e+01 -2.048445759547723810e+01
-1.973321213606075730e+01 -2.580271533870815048e+01 -2.189950130265661699e+01
-2.126835819178225506e+01 -1.956633863461861722e+01 -1.924941190563514226e+01
-3.391322817958636904e+01 -3.408237124398574736e+01 -3.243898915142679584e+01
1.799598802046257617e+01 1.453780053701677843e+01 1.504384958927160199e+01
1.365266846627406494e+01 1.610132517822142972e+01 6.756958209027459361e+00
3.406692980598868559e+01 3.482642990536865568e+01 2.911748242048731683e+01
3.967671266061073965e+01 3.060675325001344049e+01 1.836426313235254781e+01
-1.879793487831130960e+01 -2.414450713954303751e+01 -2.803252231506617065e+01
-1.643853030804366711e+01 -1.876894501662614800e+01 -2.396163707590898184e+01
-2.843327649346371189e+01 -2.372651042974513302e+01 -2.685363073732077055e+01
-1.851686715863326071e+01 -2.290693809996574259e+01 -2.830322890662842994e+01
1.013115830965770670e+01 1.534331141854259783e+01 1.935420579304462763e+01
6.778093626243730796e+00 1.387448996039712767e+01 1.597277142097641445e+01
2.789357153841802983e+01 2.135255320815839752e+01 2.953289816161039738e+01
1.270447674835071439e+01 1.468711621674518142e+01 2.686547068149069517e+01
